0S,0C
10574476 5199
1867 1
1733 1
1858 1
1817 1
1732 1
1844 1
1870 1
1855 1
1749 1
1829 1
1848 1
1839 1
1733 1
1832 1
1757 1
1867 1
1860 1
1814 1
1878 1
1733 1
1864 1
1834 1
1885 1
1843 1
1880 1
1834 1
1867 1
1836 1
1863 1
1716 1
1891 1
1831 1
1754 1
1823 1
1872 1
1839 1
1885 1
1747 1
1771 1
1755 1
1858 1
1844 1
1871 1
1736 1
1876 1
1710 1
1875 1
1723 1
3527 1
3563 1
2922 1
1884 1
1873 1
1763 1
1843 1
1737 1
1911 1
1889 1
1920 1
1744 1
1794 1
1896 1
1910 1
1744 1
1854 1
1768 1
1769 1
1724 1
1766 1
1794 1
1696 1
1739 1
1769 1
1820 1
1741 1
1707 1
1711 1
1804 1
1842 1
1855 1
2692 1
3225 1
3275 1
3058 1
3704 1
2892 1
1672 1
1831 1
1870 1
1770 1
1852 1
1715 1
1814 1
1736 1
1762 1
1803 1
1719 1
1921 1
1707 1
1772 1
1814 1
1922 1
1827 1
1852 1
1809 1
1909 1
1784 1
1752 1
1884 1
1729 1
1867 1
1829 1
1756 1
1879 1
1891 1
1726 1
1747 1
1721 1
1743 1
1869 1
1793 1
1826 1
1843 1
1764 1
1747 1
1781 1
1874 1
1909 1
1870 1
1851 1
1836 1
1889 1
1835 1
1745 1
1903 1
1720 1
1727 1
1755 1
1832 1
1812 1
1736 1
1742 1
1790 1
1784 1
1906 1
1687 1
1891 1
1777 1
1715 1
1848 1
1835 1
1890 1
1757 1
1895 1
1819 1
1865 1
3335 1
1849 1
1877 1
1880 1
1816 1
1849 1
1841 1
1755 1
1824 1
1851 1
1859 1
1884 1
1825 1
1880 1
1814 1
1830 1
1858 1
1749 1
1855 1
1885 1
1848 1
1890 1
1759 1
1869 1
1870 1
1828 1
1858 1
1816 1
1888 1
1886 1
1858 1
1826 1
1876 1
1806 1
1735 1
1884 1
1783 1
1831 1
1856 1
1754 1
1777 1
1827 1
1733 1
1772 1
1847 1
1859 1
1803 1
1797 1
1682 1
1853 1
1813 1
1797 1
1796 1
1857 1
1778 1
1699 1
1871 1
1708 1
1771 1
1800 1
1845 1
1710 1
1799 1
1865 1
1825 1
1861 1
1835 1
1858 1
1874 1
1739 1
1737 1
1762 1
1754 1
1886 1
1871 1
1741 1
1898 1
1745 1
1718 1
1841 1
1836 1
1852 1
1839 1
1898 1
1754 1
3617 1
1881 1
1874 1
1712 1
1777 1
1858 1
1794 1
1796 1
1676 1
1938 1
1742 1
1889 1
1745 1
1876 1
1862 1
1799 1
1930 1
1887 1
1880 1
1728 1
1852 1
1873 1
1644 1
1751 1
1745 1
1854 1
1789 1
1756 1
1694 1
1858 1
1758 1
1743 1
1742 1
1716 1
1732 1
1734 1
1865 1
1860 1
1824 1
1829 1
1880 1
1743 1
1736 1
1853 1
3463 1
3782 1
3494 1
1784 1
1705 1
3515 1
1857 1
1903 1
1728 1
1859 1
1859 1
1797 1
1820 1
1881 1
1744 1
1761 1
1866 1
1882 1
1848 1
1737 1
1758 1
1775 1
2739 1
1856 1
1898 1
1746 1
1896 1
1753 1
1759 1
1726 1
1879 1
3331 1
1730 1
3021 1
1888 1
1857 1
1774 1
1742 1
1842 1
1893 1
1738 1
3621 1
3363 1
1628 1
1612 1
1608 1
1629 1
1604 1
1619 1
1623 1
1641 1
1612 1
1618 1
1621 1
1609 1
1621 1
1620 1
1616 1
1609 1
1622 1
1631 1
1606 1
1619 1
1892 1
1817 1
1823 1
1805 1
1930 1
1870 1
1760 1
1608 1
1729 1
1617 1
1889 1
1606 1
1852 1
1717 1
1759 1
1835 1
1925 1
1767 1
1926 1
1832 1
1854 1
1763 1
1782 1
1863 1
1892 1
1848 1
1833 1
1836 1
1940 1
1713 1
1949 1
1745 1
1913 1
1873 1
1961 1
1722 1
1907 1
1863 1
1884 1
1740 1
1921 1
1744 1
1870 1
1808 1
1898 1
1735 1
1776 1
1707 1
1868 1
1789 1
1885 1
1765 1
1857 1
1763 1
1740 1
1737 1
1868 1
1880 1
1867 1
1738 1
1919 1
1872 1
1864 1
1900 1
1845 1
1803 1
1710 1
1895 1
1854 1
1755 1
1780 1
1845 1
1867 1
1823 1
1859 1
1713 1
1859 1
1812 1
1828 1
1806 1
1844 1
1820 1
1841 1
1900 1
1824 1
1858 1
2014 1
1912 1
1822 1
1736 1
1775 1
1766 1
1897 1
1837 1
1756 1
1941 1
1851 1
1799 1
1878 1
1938 1
1863 1
1751 1
2016 1
1941 1
1710 1
1915 1
